1111111111111111111111111111111111111111
1111111111111111111111111111111111111111
1111111111111111111111111111111111111111
1111111111111111111111111111111111111111
1111111111111111111111111111111111111111
1111111111111111111111111111111111111111
1111111111111111111111111111111111111111
1111111111111111111111111111111111111111
1110011111111111111111111111111111111111
1110011111111111111111111111111111111111
1110001111111111111111111111111111111111
1110000111111111111111111111111111111111
1110000111111111111111111111111111111111
1111000111111111111111111111111111111111
1111000111111111111111111111111111111111
1111000011111111111111111111111111111111
1111000011111111111111111111111111111111
1111000001111111111111111111111111000011
1111000000111111111111111111111100000011
1111000000011111111111111111110000000011
1111000000001111111111111111100000000111
1111000000000001111111111110000000000111
1111000000000000011111110000000000001111
1111100000000000000000000000000000001111
1111110000000000000000000000000000011111
1111111000000000000000000000000000111111
1111111100000000000000000000000001111111
1111111110000000000000000000000011111111
1111111111100000000000000000001111111111
1111111111110000000000000000111111111111
1111111111111110000000000011111111111111
1111111111111111111111111111111111111111
1111111111111111111111111111111111111111
1111111111111111111111111111111111111111
1111111111111111111111111111111111111111
1111111111111111111111111111111111111111
1111111111111111111111111111111111111111
1111111111111111111111111111111111111111
1111111111111111111111111111111111111111
1111111111111111111111111111111111111111