1111111111111111111111111111111111111111
1111111111111111111111111111111111111111
1111111111111111111111111111111111111111
1111111111111111111111111111111111111111
1111111111111111111111111111111111111111
1111111111111111111111111111111111111111
1111111111111111111111111111111111111111
1111111111111111111111111111111111111111
1111111111111111111111111111111111111111
1100111111111111111111111111111111111111
1000111111111111111111111111111111111111
1000111111111111111111111111111111111111
1000111111111111111111111111111111111111
1000111111111111111111111111111111111111
1000111111111111111111111111111111111111
1000111111111111111111111111111111111111
1100011111111111111111111111111111111111
1100001111111111111111111111111111111111
1100000111111111111111111111111111111111
1100000011111111111111111111111111111111
1100000001111111111111111111111111111111
1100000000011111111111111111111000000000
1100000000000111111111111110000000000000
1100000000000000000000000000000000000001
1110000000000000000000000000000000000011
1110000000000000000000000000000000001111
1111000000000000000000000000000000011111
1111100000000000000000000000000000111111
1111111000000000000000000000000011111111
1111111100000000000000000000011111111111
1111111111100000000000000111111111111111
1111111111111111111111111111111111111111
1111111111111111111111111111111111111111
1111111111111111111111111111111111111111
1111111111111111111111111111111111111111
1111111111111111111111111111111111111111
1111111111111111111111111111111111111111
1111111111111111111111111111111111111111
1111111111111111111111111111111111111111
1111111111111111111111111111111111111111