1111111111111111111111111111111111111111
1111111111111111111111111111111111111111
1111111111111111111111111111111111111111
1111111111111111111111111111111111111111
1111111111111111111111111111111111111111
1111111111111111111111111111111111111111
1111111111111111111111111111111111111111
1111111111111111111111111111111111111111
1111111111111111111111111111111111111111
1111111111111111111111111111111111111111
1111111111111111111111111111111111111111
1111111111111111111111111111111110001111
1111111111111111111111111111111100001111
1111100111111111111111111111111100011111
1111000011111111111111111111111100111111
1111000001111111111111111111111001111111
1111000000111111111111111111110001111111
1111100000011111111111111111100001111111
1111100000001111111111111111000001111111
1111110000000011111111111100000001111111
1111110000000000111111110000000001111111
1111111000000000000100000000000011111111
1111111100000000000000000000000111111111
1111111110000000000000000000000111111111
1111111111100000000000000000011111111111
1111111111110000000000000000111111111111
1111111111111000000000000111111111111111
1111111111100000000000000001111111111111
1111111111111000000000011111111111111111
1111111111111111111111111111111111111111
1111111111111111111111111111111111111111
1111111111111111111111111111111111111111
1111111111111111111111111111111111111111
1111111111111111111111111111111111111111
1111111111111111111111111111111111111111
1111111111111111111111111111111111111111
1111111111111111111111111111111111111111
1111111111111111111111111111111111111111
1111111111111111111111111111111111111111
1111111111111111111111111111111111111111