1111111111111111111111111111111111111111
1111111111111111111111111111111111111111
1111111111111111111111111111111111111111
1111111111111111111111111111111111111111
1111111111111111111111111111111111111111
1111111111111111111111111111111111111111
1111111111111111111111111111111111111111
1111111111111111111111111111111111111111
1111111111111111111111111111111111111111
1111111111111111111111111111111110111111
1111111111111111111111111111111000111111
1111111111111111111111111111110001111111
1111111111111111111111111111110001111111
1111111111111111111111111111110011111111
1111111111111111111111111111100011111111
1111111111111111111111111111100011111111
1111111111111111111111111111000011111111
1111011111111111111111111110000011111111
1110000011111111111111111100000011111111
1110000000111111111111111000000011111111
1110000000001111111111100000000011111111
1111000000000011111010000000000011111111
1111100000000000000000000000000111111111
1111110000000000000000000000001111111111
1111111000000000000000000000011111111111
1111111100000000000000000000111111111111
1111111111000000000000000001111111111111
1111111111100000000000000001111111111111
1111111100000000000000011111111111111111
1111111111111111111111111111111111111111
1111111111111111111111111111111111111111
1111111111111111111111111111111111111111
1111111111111111111111111111111111111111
1111111111111111111111111111111111111111
1111111111111111111111111111111111111111
1111111111111111111111111111111111111111
1111111111111111111111111111111111111111
1111111111111111111111111111111111111111
1111111111111111111111111111111111111111
1111111111111111111111111111111111111111